iter, id, rot_num, x, y, z, r11, r12, r13, r21, r22, r23, r31, r32, r33

0,0,3,6.41502, -0.418442, -0.150237, -0.888538, 0.0218962, 0.458281, -0.392471, -0.553615, -0.734491, 0.237629, -0.832485, 0.500502
1,0,3,6.41418, -0.416368, -0.148241, -0.889082, 0.0135193, 0.457548, -0.391685, -0.539752, -0.745152, 0.236889, -0.841716, 0.485179
3,0,3,6.41582, -0.419347, -0.146684, -0.889084, 0.0161444, 0.45746, -0.391378, -0.545095, -0.741414, 0.23739, -0.838219, 0.490954
4,0,3,6.41314, -0.408395, -0.141856, -0.889458, 0.025585, 0.456301, -0.391836, -0.556574, -0.732591, 0.235222, -0.830404, 0.505074
13,0,3,6.41554, -0.418637, -0.147718, -0.889158, 0.0256056, 0.456883, -0.391846, -0.558264, -0.731299, 0.236336, -0.829268, 0.506419
14,0,3,6.41327, -0.416281, -0.14865, -0.888998, 0.010607, 0.457788, -0.392443, -0.532777, -0.749758, 0.235947, -0.846189, 0.477801
15,0,3,6.4165, -0.420135, -0.14885, -0.888975, 0.0220714, 0.457424, -0.392125, -0.552646, -0.735405, 0.236562, -0.833124, 0.499944
16,0,3,6.41531, -0.417752, -0.147198, -0.888697, 0.0259538, 0.45776, -0.39282, -0.557991, -0.730985, 0.236454, -0.829441, 0.50608
17,0,3,6.41528, -0.4186, -0.148713, -0.888497, 0.0197212, 0.458459, -0.391811, -0.552664, -0.735559, 0.238868, -0.833171, 0.498768
18,0,3,6.41571, -0.426648, -0.158966, -0.88828, 0.0177472, 0.458959, -0.392699, -0.547602, -0.738864, 0.238214, -0.836551, 0.493393
21,0,3,6.41615, -0.418977, -0.145929, -0.888825, 0.0249345, 0.457569, -0.392419, -0.557054, -0.731915, 0.236641, -0.830102, 0.504908
23,0,3,6.41361, -0.411471, -0.140795, -0.888958, 0.0222628, 0.457447, -0.392003, -0.553476, -0.734845, 0.236826, -0.832567, 0.500744
24,0,3,6.41487, -0.416513, -0.14815, -0.888675, 0.0285449, 0.457648, -0.392391, -0.563738, -0.726794, 0.237247, -0.82546, 0.51218
26,0,3,6.41364, -0.415533, -0.14739, -0.889434, 0.0150338, 0.456816, -0.39143, -0.541083, -0.74432, 0.235985, -0.840835, 0.487142
30,0,3,6.41676, -0.419003, -0.149303, -0.88859, 0.02466, 0.458039, -0.392621, -0.557218, -0.731681, 0.237184, -0.83, 0.50482
32,0,3,6.41486, -0.414786, -0.147805, -0.888638, 0.0216722, 0.458098, -0.392533, -0.552475, -0.735316, 0.237152, -0.833248, 0.499457
33,0,3,6.41312, -0.415669, -0.149218, -0.889423, 0.0230896, 0.456502, -0.391106, -0.555335, -0.733921, 0.236566, -0.831306, 0.502958
34,0,3,6.41581, -0.420692, -0.1493, -0.888719, 0.0202873, 0.458003, -0.391811, -0.552323, -0.735815, 0.238037, -0.833384, 0.498809
35,0,3,6.41545, -0.417676, -0.148595, -0.889128, 0.0177028, 0.457316, -0.392126, -0.544714, -0.741298, 0.235983, -0.838435, 0.491262
36,0,3,6.41554, -0.417827, -0.147793, -0.88894, 0.0200284, 0.457585, -0.391974, -0.550088, -0.7374, 0.236944, -0.834866, 0.496846
38,0,3,6.4156, -0.419438, -0.149139, -0.888704, 0.0181811, 0.458122, -0.392199, -0.54766, -0.739086, 0.237458, -0.836503, 0.493838
39,0,3,6.41592, -0.419726, -0.148205, -0.88887, 0.018103, 0.457803, -0.391864, -0.547773, -0.739181, 0.237391, -0.836431, 0.493992
40,0,3,6.41308, -0.41398, -0.147445, -0.888795, 0.0225761, 0.457749, -0.391773, -0.555705, -0.733284, 0.237819, -0.831073, 0.502752
41,0,3,6.41558, -0.419005, -0.150199, -0.888648, 0.0163574, 0.458298, -0.392395, -0.544338, -0.741432, 0.237341, -0.838707, 0.490143
43,0,3,6.41319, -0.414568, -0.148718, -0.888764, 0.0166943, 0.458062, -0.392194, -0.544934, -0.741101, 0.237241, -0.838313, 0.490865
44,0,3,6.41576, -0.417651, -0.148585, -0.888916, 0.0366866, 0.456599, -0.392435, -0.575128, -0.71779, 0.236269, -0.817241, 0.525637
45,0,3,6.41311, -0.414883, -0.148113, -0.888697, 0.0209851, 0.458014, -0.392293, -0.55188, -0.735891, 0.237326, -0.833659, 0.498686
47,0,3,6.41531, -0.418608, -0.14774, -0.888478, 0.0256834, 0.4582, -0.392929, -0.558401, -0.730613, 0.237095, -0.829173, 0.506219
49,0,3,6.41452, -0.41754, -0.148803, -0.888423, 0.0207105, 0.45856, -0.392711, -0.551521, -0.735937, 0.237663, -0.833904, 0.498117
51,0,3,6.4149, -0.418897, -0.147607, -0.888844, 0.0194535, 0.457798, -0.392258, -0.548709, -0.738277, 0.236836, -0.835787, 0.495347
52,0,3,6.41515, -0.419103, -0.147985, -0.888158, 0.00746305, 0.459479, -0.392839, -0.531132, -0.750717, 0.238442, -0.847256, 0.474661
54,0,3,6.41486, -0.419487, -0.147253, -0.888316, 0.0201316, 0.458792, -0.392911, -0.550491, -0.736601, 0.237732, -0.834599, 0.49692
55,0,3,6.41548, -0.423436, -0.159608, -0.888336, 0.0117088, 0.459045, -0.392145, -0.539475, -0.745111, 0.238919, -0.84192, 0.483827
56,0,3,6.41393, -0.413276, -0.147331, -0.888461, 0.0221725, 0.458417, -0.392709, -0.553657, -0.734333, 0.237524, -0.83245, 0.500609
57,0,3,6.41617, -0.416027, -0.147925, -0.888416, 0.0275427, 0.458214, -0.392157, -0.564389, -0.726415, 0.238603, -0.825049, 0.512213
59,0,3,6.41544, -0.418138, -0.149079, -0.888326, 0.0207943, 0.458742, -0.393041, -0.551039, -0.736122, 0.237478, -0.834221, 0.497675
65,0,3,6.41485, -0.418415, -0.150333, -0.888215, 0.0241968, 0.45879, -0.393603, -0.555137, -0.732735, 0.236962, -0.831407, 0.502605
67,0,3,6.41337, -0.413696, -0.147439, -0.889076, 0.0207984, 0.457287, -0.391874, -0.550908, -0.736841, 0.236598, -0.834307, 0.49795
68,0,3,6.41531, -0.423697, -0.158053, -0.888764, 0.0189876, 0.457972, -0.391479, -0.551148, -0.736872, 0.238419, -0.834192, 0.497273
69,0,3,6.41517, -0.41772, -0.14845, -0.888584, 0.0353099, 0.457355, -0.392033, -0.576149, -0.717191, 0.238181, -0.816581, 0.525799
71,0,3,6.4146, -0.418477, -0.148934, -0.889027, 0.0166544, 0.457553, -0.391621, -0.545389, -0.74107, 0.237202, -0.838018, 0.491387
73,0,3,6.41469, -0.415439, -0.147279, -0.889161, 0.0200506, 0.457156, -0.391438, -0.550759, -0.737185, 0.237002, -0.834424, 0.497561
77,0,3,6.41544, -0.42462, -0.158291, -0.888708, 0.0150563, 0.458226, -0.391756, -0.544146, -0.741912, 0.238171, -0.838856, 0.489485
79,0,3,6.4147, -0.417083, -0.15055, -0.888445, 0.0191223, 0.458584, -0.392891, -0.548203, -0.738316, 0.237279, -0.836127, 0.494561
80,0,3,6.41465, -0.418382, -0.148101, -0.889236, 0.01238, 0.457282, -0.391718, -0.536882, -0.747205, 0.236256, -0.843566, 0.482264
82,0,3,6.41516, -0.418368, -0.148857, -0.888409, 0.0206852, 0.458586, -0.392447, -0.552479, -0.735359, 0.238148, -0.83327, 0.498946
86,0,3,6.41457, -0.416592, -0.146294, -0.888974, 0.0236125, 0.457349, -0.391779, -0.55634, -0.732799, 0.237138, -0.830619, 0.503822
87,0,3,6.41461, -0.41689, -0.146885, -0.888863, 0.022773, 0.457607, -0.392123, -0.55441, -0.734077, 0.236984, -0.831932, 0.501724
88,0,3,6.41653, -0.420248, -0.147149, -0.888439, 0.0198612, 0.458566, -0.392312, -0.551466, -0.736191, 0.238262, -0.833961, 0.497735
90,0,3,6.41572, -0.417207, -0.148289, -0.888423, 0.0225948, 0.458469, -0.392786, -0.554273, -0.733826, 0.237536, -0.832028, 0.501304
92,0,3,6.41419, -0.416391, -0.147474, -0.888525, 0.0132343, 0.458639, -0.391252, -0.544008, -0.742278, 0.23968, -0.838976, 0.488543
93,0,3,6.41596, -0.415558, -0.147023, -0.888818, 0.0223397, 0.457716, -0.391997, -0.554415, -0.734142, 0.237364, -0.831941, 0.501531
94,0,3,6.41504, -0.425882, -0.159355, -0.888318, 0.0196605, 0.458808, -0.392013, -0.552863, -0.735302, 0.239201, -0.833041, 0.498825
96,0,3,6.41262, -0.415329, -0.148251, -0.8888, 0.0159125, 0.458019, -0.391384, -0.546317, -0.740511, 0.23844, -0.837427, 0.491794
98,0,3,6.4142, -0.416551, -0.147325, -0.889098, 0.0157165, 0.457448, -0.391268, -0.544709, -0.741756, 0.237519, -0.838478, 0.490449
101,0,3,6.41434, -0.41749, -0.14983, -0.888519, 0.00765455, 0.458777, -0.392802, -0.529469, -0.75191, 0.237152, -0.848295, 0.47345
102,0,3,6.41455, -0.416019, -0.147967, -0.888105, 0.0195106, 0.459228, -0.392137, -0.553379, -0.734847, 0.23979, -0.832701, 0.499109
103,0,3,6.41537, -0.424822, -0.158132, -0.888426, 0.0107882, 0.458894, -0.392475, -0.536295, -0.747229, 0.238041, -0.843962, 0.480692
105,0,3,6.41514, -0.420166, -0.149923, -0.888723, 0.0209869, 0.457963, -0.391998, -0.552769, -0.73538, 0.237714, -0.83307, 0.499485
106,0,3,6.41483, -0.410732, -0.142746, -0.888303, 0.0214411, 0.458757, -0.393, -0.55235, -0.73516, 0.237632, -0.833336, 0.499081
108,0,3,6.41633, -0.42072, -0.148395, -0.888452, 0.0193328, 0.458563, -0.392634, -0.549412, -0.737554, 0.237681, -0.835328, 0.495717
110,0,3,6.41464, -0.41578, -0.148714, -0.888172, 0.0201748, 0.459069, -0.392434, -0.553035, -0.734948, 0.239053, -0.832914, 0.499107
111,0,3,6.41519, -0.41913, -0.15056, -0.888769, 0.0100065, 0.458247, -0.391792, -0.535458, -0.748187, 0.237885, -0.844503, 0.479819
112,0,3,6.41407, -0.414732, -0.148437, -0.888478, 0.0203662, 0.458467, -0.392387, -0.55179, -0.735908, 0.23799, -0.833735, 0.498244
113,0,3,6.41473, -0.416603, -0.151604, -0.888627, 0.017707, 0.458289, -0.391628, -0.549333, -0.738147, 0.238683, -0.835416, 0.495087
114,0,3,6.41473, -0.417407, -0.148831, -0.888463, 0.0203053, 0.4585, -0.392329, -0.551982, -0.735795, 0.238143, -0.833609, 0.498382
117,0,3,6.41595, -0.416439, -0.147536, -0.88817, 0.0263299, 0.45876, -0.393615, -0.558749, -0.729978, 0.237112, -0.828919, 0.506628
118,0,3,6.41371, -0.417916, -0.150726, -0.888985, 0.00899718, 0.457849, -0.390909, -0.535688, -0.748484, 0.23853, -0.844368, 0.479735
119,0,3,6.41568, -0.418321, -0.148144, -0.888822, 0.0185789, 0.457877, -0.391837, -0.548907, -0.738353, 0.237614, -0.835677, 0.49516
123,0,3,6.41464, -0.425553, -0.159021, -0.888393, 0.025592, 0.458371, -0.392393, -0.560598, -0.729218, 0.238299, -0.827693, 0.508073
124,0,3,6.41665, -0.42124, -0.147088, -0.888461, 0.0201533, 0.45851, -0.392772, -0.550195, -0.736896, 0.237419, -0.834793, 0.496742
125,0,3,6.41506, -0.41923, -0.146857, -0.888731, 0.0184584, 0.458058, -0.391417, -0.550698, -0.737241, 0.238643, -0.834501, 0.496647
126,0,3,6.41516, -0.417955, -0.148507, -0.888935, 0.0117379, 0.457884, -0.391699, -0.537654, -0.746659, 0.237419, -0.843084, 0.482537
127,0,3,6.41536, -0.42041, -0.14872, -0.888422, 0.00735059, 0.45897, -0.392165, -0.53181, -0.75059, 0.238568, -0.846832, 0.475354
128,0,3,6.41589, -0.419265, -0.148867, -0.888391, 0.0150766, 0.45884, -0.391621, -0.546447, -0.740289, 0.239571, -0.837358, 0.491363
129,0,3,6.41391, -0.416297, -0.14678, -0.889183, 0.0210923, 0.457066, -0.391131, -0.553389, -0.735376, 0.237424, -0.832656, 0.500314
